(Echidna:0.11558,(((((Opossum:0.11590,Bandicoot:0.09969):0.00976,
Wallaby:0.10990):0.02158,((((Elephant:0.14338,Sloth:0.14102):0.02344,
Armadillo:0.12221):0.01247,((((Tree_shrew:0.12377,Dog:0.12758):0.01447,
(Flying_fox:0.11079,(Pig:0.09686,Whale:0.12546):0.00987):0.01804):0.00483,
Cat:0.10725):0.00442,(Mouse:0.11365,Hedgehog:0.17685):0.01202):0.01001):0.00500,
Human:0.18810):0.00565):0.00276,(Aardvark:0.10546,Rabbit:0.10856):0.00692):0.00166,
Tenrec:0.15607):0.07191,Platypus:0.12863);
