20
MM_Aardvar 0.000000000000  0.245321311125  0.264223549239  0.266611351125  0.269367513217  0.298616069123  0.294100648600  0.269341816071  0.325121584803  0.310520623181  0.261215143218  0.287178166007  0.241597366619  0.292254021080  0.255711927518  0.296689528005  0.282931838792  0.259456973657  0.275115414471  0.255917681419  
MM_Armadil 0.245321311125  0.000000000000  0.271850901842  0.259298303050  0.269526976398  0.305023714841  0.300637794705  0.263768759937  0.317010895348  0.304109488122  0.255115030124  0.292034941874  0.231073186325  0.307472823744  0.261321037591  0.255996401049  0.298461167808  0.253245667827  0.277533549639  0.242068575631  
MM_Bandico 0.264223549239  0.271850901842  0.000000000000  0.296615690544  0.303455228924  0.309906239023  0.311597100560  0.295561220966  0.313612573195  0.336742845369  0.253679014238  0.222304935539  0.266251908434  0.282877094166  0.284073348660  0.326259377965  0.288473415764  0.279945310996  0.226871548892  0.272650604470  
MM_Cat.mf  0.266611351125  0.259298303050  0.296615690544  0.000000000000  0.247619661596  0.300902880830  0.311275191092  0.256148627111  0.331781252950  0.309821234029  0.271316978359  0.306418467183  0.245838263283  0.317344141144  0.261509608374  0.285643694495  0.296190542878  0.270010066913  0.287249239385  0.258053421529  
MM_Dog.mf  0.269367513217  0.269526976398  0.303455228924  0.247619661596  0.000000000000  0.320762673982  0.312423818983  0.276915818925  0.329653010114  0.324992326303  0.264164503397  0.289306048397  0.252970584226  0.314494356618  0.263149435284  0.304661772190  0.308040623448  0.270475833610  0.290076733932  0.271360886585  
MM_Echidna 0.298616069123  0.305023714841  0.309906239023  0.300902880830  0.320762673982  0.000000000000  0.348619728764  0.305574039146  0.354974401377  0.349985699291  0.296669816712  0.303825957121  0.297590432389  0.211680684884  0.302662107830  0.328715106358  0.323526386216  0.307445149434  0.298618799082  0.308187662821  
MM_Elephan 0.294100648600  0.300637794705  0.311597100560  0.311275191092  0.312423818983  0.348619728764  0.000000000000  0.322306338285  0.331207421381  0.358199539894  0.313179685923  0.320448697958  0.301393506747  0.330096441301  0.301798326761  0.328846207644  0.322831835091  0.318253262055  0.324738291446  0.308922072165  
MM_Flying_ 0.269341816071  0.263768759937  0.295561220966  0.256148627111  0.276915818925  0.305574039146  0.322306338285  0.000000000000  0.336343588965  0.303912603240  0.268976452014  0.285284034011  0.246658449342  0.319771057966  0.264329424792  0.292300141496  0.310865521215  0.266408578645  0.272669987587  0.259729648401  
MM_Hedgeho 0.325121584803  0.317010895348  0.313612573195  0.331781252950  0.329653010114  0.354974401377  0.331207421381  0.336343588965  0.000000000000  0.391182754658  0.305242106756  0.324109404787  0.322256840949  0.334354845987  0.307012896771  0.373781787255  0.329633048534  0.316872787446  0.349523664077  0.334313394738  
MM_Human.m 0.310520623181  0.304109488122  0.336742845369  0.309821234029  0.324992326303  0.349985699291  0.358199539894  0.303912603240  0.391182754658  0.000000000000  0.311446477028  0.353637965651  0.303382728626  0.370031771826  0.304744497670  0.320353946808  0.357100505148  0.309396209827  0.326080256572  0.302318850671  
MM_Mouse.m 0.261215143218  0.255115030124  0.253679014238  0.271316978359  0.264164503397  0.296669816712  0.313179685923  0.268976452014  0.305242106756  0.311446477028  0.000000000000  0.271338344022  0.259439229737  0.290160463646  0.263668562028  0.308339219928  0.302884838943  0.259662943964  0.274662707859  0.279389525313  
MM_Opossum 0.287178166007  0.292034941874  0.222304935539  0.306418467183  0.289306048397  0.303825957121  0.320448697958  0.285284034011  0.324109404787  0.353637965651  0.271338344022  0.000000000000  0.289101662083  0.314468832997  0.289256946786  0.331360400374  0.302518983875  0.300608240549  0.233880711130  0.296982014736  
MM_Pig.mf  0.241597366619  0.231073186325  0.266251908434  0.245838263283  0.252970584226  0.297590432389  0.301393506747  0.246658449342  0.322256840949  0.303382728626  0.259439229737  0.289101662083  0.000000000000  0.294314982345  0.261798546951  0.279741951027  0.295414057409  0.248925453433  0.271247615417  0.219838971776  
MM_Platypu 0.292254021080  0.307472823744  0.282877094166  0.317344141144  0.314494356618  0.211680684884  0.330096441301  0.319771057966  0.334354845987  0.370031771826  0.290160463646  0.314468832997  0.294314982345  0.000000000000  0.305711824175  0.350506548522  0.326444929166  0.298551635633  0.312358101720  0.315501500732  
MM_Rabbit. 0.255711927518  0.261321037591  0.284073348660  0.261509608374  0.263149435284  0.302662107830  0.301798326761  0.264329424792  0.307012896771  0.304744497670  0.263668562028  0.289256946786  0.261798546951  0.305711824175  0.000000000000  0.301362193402  0.304474450089  0.258231644942  0.270624188419  0.275241988023  
MM_Sloth.m 0.296689528005  0.255996401049  0.326259377965  0.285643694495  0.304661772190  0.328715106358  0.328846207644  0.292300141496  0.373781787255  0.320353946808  0.308339219928  0.331360400374  0.279741951027  0.350506548522  0.301362193402  0.000000000000  0.329844151518  0.302895929270  0.301853184418  0.296246575038  
MM_Tenrec. 0.282931838792  0.298461167808  0.288473415764  0.296190542878  0.308040623448  0.323526386216  0.322831835091  0.310865521215  0.329633048534  0.357100505148  0.302884838943  0.302518983875  0.295414057409  0.326444929166  0.304474450089  0.329844151518  0.000000000000  0.320622530253  0.307356388125  0.290576727172  
MM_Tree_sh 0.259456973657  0.253245667827  0.279945310996  0.270010066913  0.270475833610  0.307445149434  0.318253262055  0.266408578645  0.316872787446  0.309396209827  0.259662943964  0.300608240549  0.248925453433  0.298551635633  0.258231644942  0.302895929270  0.320622530253  0.000000000000  0.286846859035  0.265480316576  
MM_Wallaby 0.275115414471  0.277533549639  0.226871548892  0.287249239385  0.290076733932  0.298618799082  0.324738291446  0.272669987587  0.349523664077  0.326080256572  0.274662707859  0.233880711130  0.271247615417  0.312358101720  0.270624188419  0.301853184418  0.307356388125  0.286846859035  0.000000000000  0.284820118215  
MM_Whale.m 0.255917681419  0.242068575631  0.272650604470  0.258053421529  0.271360886585  0.308187662821  0.308922072165  0.259729648401  0.334313394738  0.302318850671  0.279389525313  0.296982014736  0.219838971776  0.315501500732  0.275241988023  0.296246575038  0.290576727172  0.265480316576  0.284820118215  0.000000000000  

